[{"id": 0, "img_name": "frame_000000.png", "width": 1920, "height": 1221, "position": [0.44154336725605053, 0.25137608970471736, 5.624800137670794], "rotation": [[0.9908198656850731, 0.006862907015597971, -0.13501442245593198], [-0.022282534469924044, 0.9933416144090363, -0.11303064071677967], [0.13333972559372645, 0.11500146777560859, 0.9843755279302941]], "fy": 2746.971648349967, "fx": 2746.971648349967}, {"id": 1, "img_name": "frame_000001.png", "width": 1920, "height": 1221, "position": [0.44709882494791914, 0.2495763882882269, 5.534742883791344], "rotation": [[0.992447169903321, -0.007239038419509423, -0.12245901875178211], [-0.008361272956630571, 0.9919440918824226, -0.1264001886632312], [0.12238751597051546, 0.12646942279585446, 0.9843915791148613]], "fy": 2746.971648349967, "fx": 2746.971648349967}, {"id": 2, "img_name": "frame_000002.png", "width": 1920, "height": 1221, "position": [0.4477865676070301, 0.22342741158853852, 5.434544276075951], "rotation": [[0.9948070377686166, -0.01874900169714442, -0.10003715580418583], [0.0062089727216947015, 0.9922351822155809, -0.12422073833041851], [0.10158940035147235, 0.12295453675636998, 0.987198954429782]], "fy": 2746.971648349967, "fx": 2746.971648349967}, {"id": 3, "img_name": "frame_000003.png", "width": 1920, "height": 1221, "position": [0.4514241359402153, 0.17443882521313478, 5.326613659044493], "rotation": [[0.9957484714675168, 0.004417841563927961, -0.0920079575146628], [-0.014488013432234041, 0.9939283758450441, -0.10907099136259998], [0.09096746141830807, 0.1099402854551005, 0.9897666667438139]], "fy": 2746.971648349967, "fx": 2746.971648349967}, {"id": 4, "img_name": "frame_000004.png", "width": 1920, "height": 1221, "position": [0.4591574171259477, 0.1383227996854528, 5.218467799170143], "rotation": [[0.9947003925296454, 0.035813083804468716, -0.09637713489092428], [-0.04577718732693321, 0.9936017932433505, -0.1032469156151072], [0.0920629036138019, 0.10711162164775725, 0.9899755160033927]], "fy": 2746.971648349967, "fx": 2746.971648349967}, {"id": 5, "img_name": "frame_000005.png", "width": 1920, "height": 1221, "position": [0.45900068018617923, 0.1335333210345121, 5.112531085005356], "rotation": [[0.9942499458995648, 0.03945331344894478, -0.09955139947088558], [-0.050816000598647014, 0.9921437857341048, -0.11431728877277078], [0.09425910651958692, 0.11871876215282096, 0.9884437648905633]], "fy": 2746.971648349967, "fx": 2746.971648349967}, {"id": 6, "img_name": "frame_000006.png", "width": 1920, "height": 1221, "position": [0.4478243315128764, 0.1079708531622079, 5.006394815742793], "rotation": [[0.9953933474812642, 0.0320500475840373, -0.09035971580247563], [-0.042382865932435676, 0.9924771848590779, -0.11485961087150302], [0.08599870037039167, 0.1181601962763301, 0.9892635602055412]], "fy": 2746.971648349967, "fx": 2746.971648349967}, {"id": 7, "img_name": "frame_000007.png", "width": 1920, "height": 1221, "position": [0.42325828288807593, 0.05666455229193093, 4.925474878723704], "rotation": [[0.9970870836338177, 0.02333982101950011, -0.07261267386197671], [-0.030636104450773805, 0.9944095182290658, -0.1010501813928052], [0.06984824088471644, 0.1029804001265059, 0.9922279276633447]], "fy": 2746.971648349967, "fx": 2746.971648349967}, {"id": 8, "img_name": "frame_000008.png", "width": 1920, "height": 1221, "position": [0.35094625911498356, 0.05192676984778724, 4.8900744839585], "rotation": [[0.9993931568895976, 0.016036246619627156, -0.030921784498933055], [-0.01911188467704709, 0.994612690643278, -0.10188391175956177], [0.029121363744426747, 0.10241305778900174, 0.9943155996804894]], "fy": 2746.971648349967, "fx": 2746.971648349967}, {"id": 9, "img_name": "frame_000009.png", "width": 1920, "height": 1221, "position": [0.3531175881813919, -0.08304684023326726, 4.798248060615522], "rotation": [[0.9989369790111291, 0.040292266401296066, -0.02239297283448856], [-0.04106651250556411, 0.9985339256433138, -0.03526387514133085], [0.020939281619709406, 0.036145990200850964, 0.9991271259843018]], "fy": 2746.971648349967, "fx": 2746.971648349967}, {"id": 10, "img_name": "frame_000010.png", "width": 1920, "height": 1221, "position": [0.3889304241347444, -0.13637818051099931, 4.70321407073415], "rotation": [[0.997222755062343, 0.04790697685699105, -0.05702366486200203], [-0.04873838437929932, 0.9987233053468103, -0.013278902260272936], [0.05631471099069828, 0.016021264792953554, 0.9982845147554218]], "fy": 2746.971648349967, "fx": 2746.971648349967}, {"id": 11, "img_name": "frame_000011.png", "width": 1920, "height": 1221, "position": [0.4066785625408828, -0.0906015073573058, 4.627549641595986], "rotation": [[0.9960943968707963, 0.041318456100404355, -0.07803036401352853], [-0.04435063892819331, 0.9983106951689581, -0.03753367471927516], [0.0763477134514573, 0.040847779581640535, 0.9962441897215683]], "fy": 2746.971648349967, "fx": 2746.971648349967}, {"id": 12, "img_name": "frame_000012.png", "width": 1920, "height": 1221, "position": [0.34531805011301164, -0.027185241956629323, 4.590174780426806], "rotation": [[0.9987866339351597, 0.021292935166564952, -0.04440575170477707], [-0.024708275778591172, 0.9966597432429241, -0.07783866203242341], [0.042600011508483596, 0.07884140480065796, 0.9959765418465116]], "fy": 2746.971648349967, "fx": 2746.971648349967}, {"id": 13, "img_name": "frame_000013.png", "width": 1920, "height": 1221, "position": [0.311211479033235, -0.11571482253558536, 4.550743098325406], "rotation": [[0.9998559691842948, 0.009569794466254021, -0.014016416104269907], [-0.010258514910644166, 0.9987006113410296, -0.04991845128688918], [0.013520494013255368, 0.05005504910523105, 0.9986549395565569]], "fy": 2746.971648349967, "fx": 2746.971648349967}, {"id": 14, "img_name": "frame_000014.png", "width": 1920, "height": 1221, "position": [0.3137596070606594, -0.2121514403283813, 4.487692877717025], "rotation": [[0.9994243756470929, 0.023879977302178258, -0.02409697172812903], [-0.02413764519743924, 0.9996539285067445, -0.010459316677255597], [0.023838864208290983, 0.011034940193767703, 0.9996549097804595]], "fy": 2746.971648349967, "fx": 2746.971648349967}, {"id": 15, "img_name": "frame_000015.png", "width": 1920, "height": 1221, "position": [0.39106401403543606, -0.1747335908458864, 4.361982469679742], "rotation": [[0.9957237906358728, 0.04186304928913071, -0.08235057902616345], [-0.04462397832219478, 0.99849198262222, -0.03197594717672061], [0.08088778226919607, 0.035514021785260384, 0.9960903176601041]], "fy": 2746.971648349967, "fx": 2746.971648349967}, {"id": 16, "img_name": "frame_000016.png", "width": 1920, "height": 1221, "position": [0.3611469545737865, -0.12949704572375323, 4.303500529811668], "rotation": [[0.9953507354268117, 0.05137209012322275, -0.0814728288552469], [-0.05598449807518972, 0.9968947942821297, -0.05537603370104803], [0.07837505636727762, 0.0596797912995849, 0.9951360073125001]], "fy": 2746.971648349967, "fx": 2746.971648349967}, {"id": 17, "img_name": "frame_000017.png", "width": 1920, "height": 1221, "position": [0.350173619162791, -0.10934117930160471, 4.202151596736078], "rotation": [[0.9914369207230814, 0.10077993535819786, -0.08304358407686802], [-0.10689132439889136, 0.9916049917051767, -0.0727584029073453], [0.07501384535794287, 0.08101200561999482, 0.9938863003130896]], "fy": 2746.971648349967, "fx": 2746.971648349967}, {"id": 18, "img_name": "frame_000018.png", "width": 1920, "height": 1221, "position": [0.3566091009566328, -0.09166835091320949, 4.100440886851384], "rotation": [[0.9901075831873898, 0.10861543536183543, -0.0888237632392639], [-0.11647725394360575, 0.9892231724742081, -0.08871620119132614], [0.07823057604659851, 0.09818453157815661, 0.9920885921782366]], "fy": 2746.971648349967, "fx": 2746.971648349967}, {"id": 19, "img_name": "frame_000019.png", "width": 1920, "height": 1221, "position": [0.3119101813961024, -0.023539072456787193, 3.966280471177023], "rotation": [[0.9946153625852009, 0.08343098290436055, -0.06147805788345703], [-0.09057963260961288, 0.9880722853006592, -0.12453308466845399], [0.05035484749075253, 0.12943117905800391, 0.990309022084439]], "fy": 2746.971648349967, "fx": 2746.971648349967}, {"id": 20, "img_name": "frame_000020.png", "width": 1920, "height": 1221, "position": [0.2787426832021313, -0.095398352987968, 3.8437630718107916], "rotation": [[0.9973816595018509, 0.06485838424473073, -0.031987736439098156], [-0.06806244935999407, 0.9913623559913004, -0.11210790387165599], [0.02444030025291392, 0.11399153089831318, 0.9931810522794957]], "fy": 2746.971648349967, "fx": 2746.971648349967}, {"id": 21, "img_name": "frame_000021.png", "width": 1920, "height": 1221, "position": [0.2841283222477455, -0.12616882996428197, 3.7414104599205276], "rotation": [[0.9985294095536075, 0.04530022338001281, -0.029781000961098224], [-0.048204079755816996, 0.9932637277633659, -0.10537330688802031], [0.024806953690826836, 0.10665391165514286, 0.9939866991953356]], "fy": 2746.971648349967, "fx": 2746.971648349967}, {"id": 22, "img_name": "frame_000022.png", "width": 1920, "height": 1221, "position": [0.2330486053966836, -0.1674897289901018, 3.6814850405347936], "rotation": [[0.9996887515490289, 0.02379775000769396, -0.007487798135323639], [-0.02435071039484697, 0.9960500030079662, -0.08538989642280125], [0.005426133946959448, 0.08554565215369943, 0.9963194761059265]], "fy": 2746.971648349967, "fx": 2746.971648349967}, {"id": 23, "img_name": "frame_000023.png", "width": 1920, "height": 1221, "position": [0.19264161452209397, -0.1532269879952475, 3.6544152039166007], "rotation": [[0.9998503015225526, 0.0038326171754414677, 0.016872628451048668], [-0.0025447972234020864, 0.9971276859933429, -0.07569611504333112], [-0.017114279194648856, 0.07564184603212674, 0.9969881707304753]], "fy": 2746.971648349967, "fx": 2746.971648349967}, {"id": 24, "img_name": "frame_000024.png", "width": 1920, "height": 1221, "position": [0.15255551959529834, -0.14157693397534785, 3.6422071343837024], "rotation": [[0.9988618838361406, -0.0012660865824172516, 0.047679492909240145], [0.0046259357637031566, 0.9975064796473834, -0.07042317643925634], [-0.04747144128448756, 0.07056358895528458, 0.9963770582345436]], "fy": 2746.971648349967, "fx": 2746.971648349967}, {"id": 25, "img_name": "frame_000025.png", "width": 1920, "height": 1221, "position": [0.09042390595150972, -0.15949835137652862, 3.6465147167240106], "rotation": [[0.9959930273519817, -0.00932374780155498, 0.0889435618421458], [0.014135030211714259, 0.9984614642656119, -0.05361814336103373], [-0.08830679694762199, 0.05466051686092475, 0.9945924479450605]], "fy": 2746.971648349967, "fx": 2746.971648349967}, {"id": 26, "img_name": "frame_000026.png", "width": 1920, "height": 1221, "position": [0.10909824229948882, -0.21530501582705427, 3.633218563836143], "rotation": [[0.9952217764328269, -0.0047418506460066385, 0.09752502533370096], [0.007213188442896073, 0.999661337415448, -0.025003607524619824], [-0.09737343388406984, 0.025587601083511543, 0.9949189359160954]], "fy": 2746.971648349967, "fx": 2746.971648349967}, {"id": 27, "img_name": "frame_000027.png", "width": 1920, "height": 1221, "position": [0.14219333818981664, -0.2346443163100284, 3.6438652012935426], "rotation": [[0.9963579067644799, 0.000296732982501219, 0.08526918304663862], [0.0009016272772407774, 0.9999013786268276, -0.014014995127451343], [-0.08526493239402119, 0.014040832229844695, 0.9962593770369923]], "fy": 2746.971648349967, "fx": 2746.971648349967}, {"id": 28, "img_name": "frame_000028.png", "width": 1920, "height": 1221, "position": [0.1622992983219596, -0.22927628140405928, 3.6799189776494274], "rotation": [[0.9974697466992076, 0.021683837553009986, 0.06770462029133169], [-0.021084632214586434, 0.9997320586234313, -0.009552447065123787], [-0.06789361313256463, 0.008100749936335657, 0.9976596790219973]], "fy": 2746.971648349967, "fx": 2746.971648349967}, {"id": 29, "img_name": "frame_000029.png", "width": 1920, "height": 1221, "position": [0.18409171929945664, -0.1805673982960364, 3.7223995672907453], "rotation": [[0.997571323914523, 0.04309439191842157, 0.054720444886780906], [-0.04234081487221221, 0.9989927495828016, -0.014857377862561357], [-0.05530559736032872, 0.012504385877577377, 0.9983911714525734]], "fy": 2746.971648349967, "fx": 2746.971648349967}, {"id": 30, "img_name": "frame_000030.png", "width": 1920, "height": 1221, "position": [0.19556252445097327, -0.15049072037386416, 3.775413035233218], "rotation": [[0.9975813858333309, 0.04662837878563695, 0.05154777328531431], [-0.046088152479809484, 0.9988697878039849, -0.011620207116055025], [-0.052031344782244804, 0.009216360683336288, 0.9986029230159033]], "fy": 2746.971648349967, "fx": 2746.971648349967}, {"id": 31, "img_name": "frame_000031.png", "width": 1920, "height": 1221, "position": [0.17242538611709188, -0.14880432678028704, 3.8240894513648285], "rotation": [[0.9972177064792064, 0.038537934010902976, 0.06380966640347291], [-0.038680921132041905, 0.9992511061991476, 0.0010065287658337946], [-0.06372309020071111, -0.0034719449809847624, 0.9979615791067917]], "fy": 2746.971648349967, "fx": 2746.971648349967}, {"id": 32, "img_name": "frame_000032.png", "width": 1920, "height": 1221, "position": [0.1644714410777289, -0.21593345897421318, 3.9248324435891706], "rotation": [[0.9953823890166426, 0.04612904104119221, 0.08417844859666387], [-0.05212672120388855, 0.9961488199156229, 0.07050059231839192], [-0.08060213751541118, -0.07456299453034346, 0.993953547845479]], "fy": 2746.971648349967, "fx": 2746.971648349967}, {"id": 33, "img_name": "frame_000033.png", "width": 1920, "height": 1221, "position": [0.17596075536441627, -0.24030157614841693, 3.987356564773747], "rotation": [[0.9933142003285955, 0.08681553954405163, 0.07609179666191222], [-0.09465897549630314, 0.9898085859267087, 0.10638910462899631], [-0.06608008613457511, -0.11288057990391641, 0.9914087940385653]], "fy": 2746.971648349967, "fx": 2746.971648349967}, {"id": 34, "img_name": "frame_000034.png", "width": 1920, "height": 1221, "position": [0.20759204444703697, -0.25111438582042306, 4.016988366484601], "rotation": [[0.9933458122030695, 0.09674051886603789, 0.06249295470814523], [-0.10419471944593095, 0.9860536579078087, 0.12977536039716342], [-0.04906687088258497, -0.13542324666082883, 0.9895721229125406]], "fy": 2746.971648349967, "fx": 2746.971648349967}, {"id": 35, "img_name": "frame_000035.png", "width": 1920, "height": 1221, "position": [0.2711749939327388, -0.28466409258312636, 4.057698876135058], "rotation": [[0.9966414343851989, 0.07368490252688778, 0.035726550438246844], [-0.07880047648064026, 0.9816564108185915, 0.1736121424474241], [-0.022278603480416184, -0.17584432387303164, 0.9841658587802153]], "fy": 2746.971648349967, "fx": 2746.971648349967}, {"id": 36, "img_name": "frame_000036.png", "width": 1920, "height": 1221, "position": [0.32056703694300803, -0.2862610457110964, 4.0897546257292134], "rotation": [[0.999578707632663, 0.02590267195818789, 0.013094228989962617], [-0.028068876250069354, 0.977508044239487, 0.20902191663352296], [-0.007385488032172508, -0.20930139758854846, 0.9778232864551791]], "fy": 2746.971648349967, "fx": 2746.971648349967}, {"id": 37, "img_name": "frame_000037.png", "width": 1920, "height": 1221, "position": [0.3538938771946832, -0.25135348867205537, 4.094473151183161], "rotation": [[0.9997705281795364, -0.021074451002643355, 0.0038416791313401187], [0.019629643678182467, 0.9730847564390946, 0.2296099603129956], [-0.008577183260172365, -0.22948186050493183, 0.9732751448724645]], "fy": 2746.971648349967, "fx": 2746.971648349967}, {"id": 38, "img_name": "frame_000038.png", "width": 1920, "height": 1221, "position": [0.40833104952633886, -0.23404634807691307, 4.0641667517879085], "rotation": [[0.9995761547348472, -0.026048216703054922, -0.013000049695578074], [0.028371496348098796, 0.9717072318971286, 0.23447838636810403], [0.006524498483916267, -0.23474783467672442, 0.9720344052728395]], "fy": 2746.971648349967, "fx": 2746.971648349967}, {"id": 39, "img_name": "frame_000039.png", "width": 1920, "height": 1221, "position": [0.48326151034027776, -0.10578792025520746, 3.9830840461411263], "rotation": [[0.9984389439607512, -0.025691458920700648, -0.049594597700412656], [0.03417344976260332, 0.9833306641292456, 0.17858605856689813], [0.044179752306488226, -0.1800020942146582, 0.9826735956381827]], "fy": 2746.971648349967, "fx": 2746.971648349967}, {"id": 40, "img_name": "frame_000040.png", "width": 1920, "height": 1221, "position": [0.5160846550245844, -0.028325956054128795, 3.9039622802188503], "rotation": [[0.9969505638402747, -0.016781644120277713, -0.07620990538754761], [0.026532286435028436, 0.9913162270488536, 0.12879509216641524], [0.07338672247135866, -0.13042436279409667, 0.9887385268890182]], "fy": 2746.971648349967, "fx": 2746.971648349967}, {"id": 41, "img_name": "frame_000041.png", "width": 1920, "height": 1221, "position": [0.5564238492464512, 0.08929167037270788, 3.8151932627241094], "rotation": [[0.9951877259573947, -0.0055491110317763695, -0.09782943049260082], [0.011943516337143424, 0.9978203655773371, 0.0648989249264885], [0.09725606675808963, -0.06575504091601359, 0.9930848564311509]], "fy": 2746.971648349967, "fx": 2746.971648349967}, {"id": 42, "img_name": "frame_000042.png", "width": 1920, "height": 1221, "position": [0.5244324265645439, 0.1683663338174818, 3.717911829490029], "rotation": [[0.996930510294197, -0.005105853307611123, -0.07812482260173796], [0.006185333134421528, 0.99988863425553, 0.01358163247283313], [0.07804677634962316, -0.014023171845629104, 0.9968510677893764]], "fy": 2746.971648349967, "fx": 2746.971648349967}, {"id": 43, "img_name": "frame_000043.png", "width": 1920, "height": 1221, "position": [0.46632504258590857, 0.12246495449675347, 3.6276234853536216], "rotation": [[0.998578656071569, 0.007573620179436145, -0.05275706507830647], [-0.0076186402959019335, 0.9999707649925795, -0.0006522884305519105], [0.05275058254029698, 0.0010532984062506664, 0.9986071633050339]], "fy": 2746.971648349967, "fx": 2746.971648349967}, {"id": 44, "img_name": "frame_000044.png", "width": 1920, "height": 1221, "position": [0.45917284532350194, 0.08455895395745947, 3.5316208495991583], "rotation": [[0.9987467485372904, 0.019475506334541245, -0.0461046303445089], [-0.01989206788883417, 0.9997652002934375, -0.008593597461401297], [0.04592644032903683, 0.009499943959615434, 0.9988996511879797]], "fy": 2746.971648349967, "fx": 2746.971648349967}, {"id": 45, "img_name": "frame_000045.png", "width": 1920, "height": 1221, "position": [0.4669246031812088, 0.0960301126652448, 3.4302228089860494], "rotation": [[0.9987130016076172, 0.018685557922112215, -0.047150719454137756], [-0.019851553291953206, 0.9995055655585819, -0.024383196043912325], [0.04667179289249726, 0.02528782992980041, 0.9985901408514113]], "fy": 2746.971648349967, "fx": 2746.971648349967}, {"id": 46, "img_name": "frame_000046.png", "width": 1920, "height": 1221, "position": [0.4519599729032529, 0.10658060551670027, 3.32190747623312], "rotation": [[0.9991828463411915, 0.014491287233941752, -0.037731183016415155], [-0.015991391397262952, 0.9990811173837718, -0.03976425893152592], [0.03712027719043008, 0.04033513953734748, 0.9984964504392634]], "fy": 2746.971648349967, "fx": 2746.971648349967}, {"id": 47, "img_name": "frame_000047.png", "width": 1920, "height": 1221, "position": [0.4479767510658583, 0.08629297628077402, 3.209830987255871], "rotation": [[0.9992480231358378, 0.019663165007560796, -0.03341778270630036], [-0.021184896370678573, 0.998725520174927, -0.04580977534419002], [0.032474427244890414, 0.04648327971654955, 0.9983910638031117]], "fy": 2746.971648349967, "fx": 2746.971648349967}, {"id": 48, "img_name": "frame_000048.png", "width": 1920, "height": 1221, "position": [0.4502418154507146, 0.07623750901639981, 3.0964956440265055], "rotation": [[0.9991156442246243, 0.024679993006573062, -0.034041554177351684], [-0.026455790990996413, 0.9982576962852348, -0.05274147258407393], [0.03268058427652078, 0.05359542660051708, 0.9980278100628528]], "fy": 2746.971648349967, "fx": 2746.971648349967}, {"id": 49, "img_name": "frame_000049.png", "width": 1920, "height": 1221, "position": [0.43288329008084103, 0.07172339514640504, 2.9422626061694954], "rotation": [[0.999095602515471, 0.03166946841498556, -0.028372906170502303], [-0.03338883514816558, 0.9974970472907757, -0.06232837502801164], [0.02632798362382729, 0.06321934368922281, 0.9976523201305187]], "fy": 2746.971648349967, "fx": 2746.971648349967}, {"id": 50, "img_name": "frame_000050.png", "width": 1920, "height": 1221, "position": [0.40700799967484963, 0.04724043427873549, 2.825804433806069], "rotation": [[0.9989598194179115, 0.04112378327331966, -0.01970059993560222], [-0.042267646951299975, 0.9972010012753013, -0.06167340656017787], [0.01710921417639858, 0.06244195308304956, 0.9979019377100339]], "fy": 2746.971648349967, "fx": 2746.971648349967}, {"id": 51, "img_name": "frame_000051.png", "width": 1920, "height": 1221, "position": [0.37916535695265036, 0.024441283846302012, 2.708232213185035], "rotation": [[0.9983576740402487, 0.056403721987737916, -0.010028700358206024], [-0.0568995986068289, 0.9966303530595584, -0.05907939605955584], [0.006662609348180743, 0.05955299745865087, 0.9982029102994859]], "fy": 2746.971648349967, "fx": 2746.971648349967}, {"id": 52, "img_name": "frame_000052.png", "width": 1920, "height": 1221, "position": [0.3742225459463938, 0.008978863284580706, 2.5892689778672735], "rotation": [[0.997901082420361, 0.06446137329910279, -0.006177463611012157], [-0.06471245042862263, 0.996197254423998, -0.05833805822626603], [0.0023934209397263382, 0.05861537025799517, 0.9982777719180784]], "fy": 2746.971648349967, "fx": 2746.971648349967}, {"id": 53, "img_name": "frame_000053.png", "width": 1920, "height": 1221, "position": [0.35913322063290404, 0.006574210499899838, 2.5107307182452785], "rotation": [[0.9977203609681986, 0.06748370092101151, -0.00017725543963629438], [-0.06737262209469567, 0.9959204301441091, -0.06002854832209337], [-0.0038744162880026784, 0.0599036470640648, 0.9981966449386871]], "fy": 2746.971648349967, "fx": 2746.971648349967}, {"id": 54, "img_name": "frame_000054.png", "width": 1920, "height": 1221, "position": [0.33575893679096985, -0.014186279642497867, 2.3926525748531335], "rotation": [[0.9977168946375616, 0.06707426304223478, 0.00787663583782326], [-0.0664919538719938, 0.9960217741933435, -0.059324913847632874], [-0.011824475678237639, 0.05866573591190612, 0.9982076503437797]], "fy": 2746.971648349967, "fx": 2746.971648349967}, {"id": 55, "img_name": "frame_000055.png", "width": 1920, "height": 1221, "position": [0.30516313525586225, -0.02685914023963584, 2.236738926733389], "rotation": [[0.9973277687116557, 0.071252028088373, 0.016139090740308705], [-0.07016985117298606, 0.9957377480228294, -0.059854232505188884], [-0.020335037324558814, 0.05856181055703389, 0.9980766506643118]], "fy": 2746.971648349967, "fx": 2746.971648349967}, {"id": 56, "img_name": "frame_000056.png", "width": 1920, "height": 1221, "position": [0.2926152494297426, -0.01978282021866617, 2.158260999715777], "rotation": [[0.9972202441120338, 0.07179820236628219, 0.01991991139804833], [-0.07039208861756115, 0.9954609156727948, -0.06405091121864301], [-0.024428233525843043, 0.06247066115266801, 0.9977478027547619]], "fy": 2746.971648349967, "fx": 2746.971648349967}, {"id": 57, "img_name": "frame_000057.png", "width": 1920, "height": 1221, "position": [0.27391089714567884, -0.014589537924447425, 2.0422108117383706], "rotation": [[0.997400894901009, 0.06749091354793565, 0.025227592812855176], [-0.06553733651570354, 0.9952805637993283, -0.07156435457487785], [-0.02993847646580528, 0.06972500205633907, 0.9971168997239741]], "fy": 2746.971648349967, "fx": 2746.971648349967}, {"id": 58, "img_name": "frame_000058.png", "width": 1920, "height": 1221, "position": [0.25867186229115136, -0.008520801155058797, 1.928909497875538], "rotation": [[0.9978647560970559, 0.05920872049442854, 0.0275727393774293], [-0.05685154630778243, 0.9952047851320847, -0.07959483232355725], [-0.03215323034746392, 0.0778573250735842, 0.9964458874974643]], "fy": 2746.971648349967, "fx": 2746.971648349967}, {"id": 59, "img_name": "frame_000059.png", "width": 1920, "height": 1221, "position": [0.25258081877518723, 0.004529794231685833, 1.8173682606250527], "rotation": [[0.9982601975681402, 0.05306617334691875, 0.025701346220236315], [-0.050555580514639896, 0.9946520461239892, -0.09006353546352522], [-0.030343223791242893, 0.08860749622733206, 0.9956043392745323]], "fy": 2746.971648349967, "fx": 2746.971648349967}, {"id": 60, "img_name": "frame_000060.png", "width": 1920, "height": 1221, "position": [0.23773885278250284, -0.005509573870377974, 1.710687829895167], "rotation": [[0.9983882178356877, 0.051805550482952684, 0.023176527480144198], [-0.049389043830169586, 0.9942631250333903, -0.09487655426067407], [-0.027958698761230364, 0.09357896739115734, 0.9952192160652765]], "fy": 2746.971648349967, "fx": 2746.971648349967}, {"id": 61, "img_name": "frame_000061.png", "width": 1920, "height": 1221, "position": [0.22959537132217833, 0.006471568865097256, 1.5382146616999492], "rotation": [[0.9985826965797602, 0.05193116625501969, 0.01165126872439622], [-0.05045583231850643, 0.9933760884020212, -0.10323834547369833], [-0.01693537943304931, 0.10250415095250259, 0.9945884032910123]], "fy": 2746.971648349967, "fx": 2746.971648349967}, {"id": 62, "img_name": "frame_000062.png", "width": 1920, "height": 1221, "position": [0.20667377223878589, 0.00645375662914968, 1.4326211853012774], "rotation": [[0.9983698473783541, 0.055912584145802253, 0.011464326402386277], [-0.05440443247419105, 0.9929784310131822, -0.10504281636437804], [-0.017257044152549868, 0.10424787037027586, 0.9944016170292459]], "fy": 2746.971648349967, "fx": 2746.971648349967}, {"id": 63, "img_name": "frame_000063.png", "width": 1920, "height": 1221, "position": [0.18381989085626513, -0.03706684718346086, 1.3252215770365394], "rotation": [[0.9980685888861457, 0.06087018776258661, 0.012406132377395889], [-0.05942070788181865, 0.993690091929825, -0.09512718157981702], [-0.018118260226677233, 0.09420627071614372, 0.9953878174882967]], "fy": 2746.971648349967, "fx": 2746.971648349967}, {"id": 64, "img_name": "frame_000064.png", "width": 1920, "height": 1221, "position": [0.16868001569928742, -0.041524189674195924, 1.2563084977825643], "rotation": [[0.9978504275282584, 0.06411874685093524, 0.013539223904556483], [-0.06266241743266679, 0.9940349533955636, -0.089263278392484], [-0.019181911353310144, 0.08822300000649244, 0.9959160389042283]], "fy": 2746.971648349967, "fx": 2746.971648349967}, {"id": 65, "img_name": "frame_000065.png", "width": 1920, "height": 1221, "position": [0.21229729331117483, -0.018748103595428004, 1.1249912767928616], "rotation": [[0.9972748815968419, 0.07374644196429227, -0.002067083358814652], [-0.07364387754602628, 0.9934337574749602, -0.08755540422594059], [-0.004403389148247277, 0.0874690334163425, 0.9961575068016202]], "fy": 2746.971648349967, "fx": 2746.971648349967}, {"id": 66, "img_name": "frame_000066.png", "width": 1920, "height": 1221, "position": [0.2175727162606201, -0.007744581994175769, 1.0618669254167081], "rotation": [[0.9974023924213711, 0.07168783325245984, -0.007022973422479501], [-0.0720272427465243, 0.9935965824137014, -0.08705117872921524], [0.0007374920057878276, 0.08733089933912298, 0.9961790853687711]], "fy": 2746.971648349967, "fx": 2746.971648349967}, {"id": 67, "img_name": "frame_000067.png", "width": 1920, "height": 1221, "position": [0.17465109292091435, -0.07015938901573489, 0.9813910640097916], "rotation": [[0.9982791238328383, 0.0585951082639784, -0.0023246950494527586], [-0.05860918715154875, 0.9956399443965791, -0.07256765328582426], [-0.0019375502509695736, 0.07257902182800151, 0.9973607830116018]], "fy": 2746.971648349967, "fx": 2746.971648349967}, {"id": 68, "img_name": "frame_000068.png", "width": 1920, "height": 1221, "position": [0.1469228415063922, -0.10844194014681421, 0.9382174371788891], "rotation": [[0.9986541378992141, 0.05170525784691557, 0.0040594541211328074], [-0.05143198045928441, 0.9973760349881445, -0.05094895698013245], [-0.00668313121324088, 0.05067160094482485, 0.9986930081936468]], "fy": 2746.971648349967, "fx": 2746.971648349967}, {"id": 69, "img_name": "frame_000069.png", "width": 1920, "height": 1221, "position": [0.12631563409978416, -0.03253980288172675, 0.9109622455238849], "rotation": [[0.9981436173480358, 0.06008862225817003, 0.009933610747999675], [-0.05940761409362708, 0.9965140035668097, -0.058571119871069416], [-0.013418440113534139, 0.057872257346361186, 0.9982338139406799]], "fy": 2746.971648349967, "fx": 2746.971648349967}, {"id": 70, "img_name": "frame_000070.png", "width": 1920, "height": 1221, "position": [0.12653637474953167, -0.049621607043981095, 0.8780924145876969], "rotation": [[0.9981114243809356, 0.06043855407798536, 0.010989344895056445], [-0.05976917355156209, 0.9967791408769031, -0.05346952595325831], [-0.014185570599144591, 0.05271172064792944, 0.9985090105217435]], "fy": 2746.971648349967, "fx": 2746.971648349967}, {"id": 71, "img_name": "frame_000071.png", "width": 1920, "height": 1221, "position": [0.17746819627976856, 0.0006830528067279178, 0.7834375822081086], "rotation": [[0.9985953247275869, 0.05269989903136201, -0.0054861711866727655], [-0.052914568192427236, 0.9972387042358989, -0.05210580818790022], [0.002725051414964016, 0.0523229148269621, 0.9986265000883947]], "fy": 2746.971648349967, "fx": 2746.971648349967}, {"id": 72, "img_name": "frame_000072.png", "width": 1920, "height": 1221, "position": [0.16319693146111544, 0.057113594164286824, 0.6994119161016203], "rotation": [[0.9983679982916733, 0.05610904043114636, -0.010635580330807378], [-0.056679260635703936, 0.9963164997384406, -0.06434977671081439], [0.006985799944674689, 0.06484757459487372, 0.9978707284354498]], "fy": 2746.971648349967, "fx": 2746.971648349967}, {"id": 73, "img_name": "frame_000073.png", "width": 1920, "height": 1221, "position": [0.13438801710626966, 0.060775160545295276, 0.6089017211905609], "rotation": [[0.9975662422108628, 0.06912773809668163, -0.009107591719798712], [-0.06958930768773976, 0.9952417673414271, -0.0681993606616194], [0.004349788137259059, 0.0686671709388784, 0.9976301413742528]], "fy": 2746.971648349967, "fx": 2746.971648349967}, {"id": 74, "img_name": "frame_000074.png", "width": 1920, "height": 1221, "position": [0.1311100603073786, 0.07722956478333409, 0.5123773072253757], "rotation": [[0.9966156145054612, 0.08160218946851629, -0.009919657143583394], [-0.0821106697987509, 0.9939374123692702, -0.07311811128496196], [0.0038929203822280953, 0.07368516110197465, 0.9972739554426727]], "fy": 2746.971648349967, "fx": 2746.971648349967}, {"id": 75, "img_name": "frame_000075.png", "width": 1920, "height": 1221, "position": [0.10379045822498693, 0.08984427319783268, 0.37297150824124636], "rotation": [[0.9965208382964906, 0.08325756633250407, -0.003794270581860929], [-0.08329677685800584, 0.993391853289128, -0.0789574112028712], [-0.0028046044154706046, 0.07899875611160209, 0.9968707693211254]], "fy": 2746.971648349967, "fx": 2746.971648349967}, {"id": 76, "img_name": "frame_000076.png", "width": 1920, "height": 1221, "position": [0.09200874924838423, 0.07551157350161641, 0.30175484515028506], "rotation": [[0.9963939987768401, 0.08484316898755277, -0.0007974193677909275], [-0.08464536234465575, 0.9933357436729241, -0.07822571811943115], [-0.005844812660855772, 0.07801113393553721, 0.9969353545476514]], "fy": 2746.971648349967, "fx": 2746.971648349967}, {"id": 77, "img_name": "frame_000077.png", "width": 1920, "height": 1221, "position": [0.11538833355322034, 0.06290145049996473, 0.19475995476784289], "rotation": [[0.9958576326354316, 0.09073398957633612, -0.00590920107248693], [-0.09091962880651697, 0.9928985937250382, -0.07672029507585748], [-0.0010939010187955233, 0.07693975379738877, 0.9970351436464806]], "fy": 2746.971648349967, "fx": 2746.971648349967}, {"id": 78, "img_name": "frame_000078.png", "width": 1920, "height": 1221, "position": [0.11960047928556472, 0.059122596679196386, 0.0864744805615592], "rotation": [[0.9959417177504928, 0.08956908841106509, -0.008801888740982585], [-0.08998125771184395, 0.9929788627098936, -0.07678770391124581], [0.0018622848312108363, 0.0772680827546357, 0.9970086134445529]], "fy": 2746.971648349967, "fx": 2746.971648349967}, {"id": 79, "img_name": "frame_000079.png", "width": 1920, "height": 1221, "position": [0.0676706816158888, 0.02776655380304971, -0.024210831085415496], "rotation": [[0.9960080505624656, 0.08926333817416802, 0.00014025962090071339], [-0.08902336332981824, 0.9934431048236465, -0.07173310435078474], [-0.006542476305215973, 0.07143426304202706, 0.9974238527664346]], "fy": 2746.971648349967, "fx": 2746.971648349967}, {"id": 80, "img_name": "frame_000080.png", "width": 1920, "height": 1221, "position": [0.06389060646185764, -0.022520034072958488, -0.13350082278111344], "rotation": [[0.9959693896042962, 0.0896176444572969, 0.0036949659229235012], [-0.08921609717907295, 0.9940700835348383, -0.06217038704378231], [-0.00924461872552117, 0.06159015199660579, 0.9980587107989465]], "fy": 2746.971648349967, "fx": 2746.971648349967}, {"id": 81, "img_name": "frame_000081.png", "width": 1920, "height": 1221, "position": [0.09111635632253254, -0.003497286694118632, -0.23667842981403905], "rotation": [[0.9963964464254073, 0.08481657888081841, -0.0005191317504146334], [-0.08469410699799249, 0.9945895006369043, -0.060155078444347136], [-0.004585824967547137, 0.05998227379640477, 0.9981889084935678]], "fy": 2746.971648349967, "fx": 2746.971648349967}, {"id": 82, "img_name": "frame_000082.png", "width": 1920, "height": 1221, "position": [0.12561649076904363, 0.02198112712773662, -0.33238522462055947], "rotation": [[0.9974500480130589, 0.07059613517236196, -0.010468400903295106], [-0.07112982437518887, 0.995343010807998, -0.06506027144136721], [0.0058266459564055946, 0.06563898639067482, 0.9978264246162774]], "fy": 2746.971648349967, "fx": 2746.971648349967}, {"id": 83, "img_name": "frame_000083.png", "width": 1920, "height": 1221, "position": [0.050101689178308546, 0.019266896851106777, -0.4265737621074673], "rotation": [[0.9982316745698375, 0.0594395501982164, -0.0006809976003778939], [-0.05935681847200388, 0.9960931591205036, -0.06538490998859339], [-0.003208112588358959, 0.06530971004045716, 0.9978598848475931]], "fy": 2746.971648349967, "fx": 2746.971648349967}, {"id": 84, "img_name": "frame_000084.png", "width": 1920, "height": 1221, "position": [0.04546845799950996, -0.002641612691669574, -0.5221265875937015], "rotation": [[0.9983259836540338, 0.057818572728234166, 0.00149766781221001], [-0.057611614520890635, 0.9963741842856744, -0.06260500588094443], [-0.005111969630400574, 0.06241392101708303, 0.9980372589386488]], "fy": 2746.971648349967, "fx": 2746.971648349967}, {"id": 85, "img_name": "frame_000085.png", "width": 1920, "height": 1221, "position": [0.04247381712789887, -0.007716588139491026, -0.6153656598615487], "rotation": [[0.9983736746072748, 0.05700793921645402, 0.0003173601435319295], [-0.05688321524153131, 0.9965278623780415, -0.0607990076237857], [-0.003782284356475362, 0.06068207618848102, 0.9981499786878234]], "fy": 2746.971648349967, "fx": 2746.971648349967}, {"id": 86, "img_name": "frame_000086.png", "width": 1920, "height": 1221, "position": [0.049458491912162623, -0.016424959629518354, -0.7089316549721023], "rotation": [[0.9983815741222202, 0.05680753575427998, -0.00267139191510499], [-0.056866362618566126, 0.9966566127316637, -0.05866696771420876], [-0.000670265448632812, 0.05872393191682986, 0.9982740358060286]], "fy": 2746.971648349967, "fx": 2746.971648349967}, {"id": 87, "img_name": "frame_000087.png", "width": 1920, "height": 1221, "position": [0.016936400270569998, -0.008090837332187135, -0.8081972972164833], "rotation": [[0.9985054783489921, 0.05461610618716716, 0.0019724735746477944], [-0.054408989584936694, 0.9968209536181349, -0.058203507455980706], [-0.005145051933348403, 0.05800920075974358, 0.9983027902734815]], "fy": 2746.971648349967, "fx": 2746.971648349967}, {"id": 88, "img_name": "frame_000088.png", "width": 1920, "height": 1221, "position": [0.002192146710872458, 0.004543482787545241, -0.9127063469120054], "rotation": [[0.9985050730036079, 0.054263098583774004, 0.006567748331587122], [-0.0537808091188784, 0.9967961316411004, -0.05920385558269935], [-0.009759290782541867, 0.05876213132133637, 0.9982243075411439]], "fy": 2746.971648349967, "fx": 2746.971648349967}, {"id": 89, "img_name": "frame_000089.png", "width": 1920, "height": 1221, "position": [0.0006798545008348843, -0.012027001872208277, -1.0213694242058884], "rotation": [[0.9984808723715908, 0.05446062945537611, 0.008365844093171721], [-0.05391746432336673, 0.9970140933443119, -0.055279333514053404], [-0.011351411762662491, 0.054744292050803715, 0.9984358807348878]], "fy": 2746.971648349967, "fx": 2746.971648349967}, {"id": 90, "img_name": "frame_000090.png", "width": 1920, "height": 1221, "position": [-0.09927030780269498, -0.04813426573788864, -1.1382481821164687], "rotation": [[0.9983552034388148, 0.05139538125093429, 0.02540477421104096], [-0.05018621386652477, 0.9976735713757762, -0.04613880054842635], [-0.027716993061771635, 0.044787942176161, 0.998611940911603]], "fy": 2746.971648349967, "fx": 2746.971648349967}, {"id": 91, "img_name": "frame_000091.png", "width": 1920, "height": 1221, "position": [-0.058178944321124006, -0.031105737214432574, -1.256513544444066], "rotation": [[0.9978112056620079, 0.0596676181816294, 0.028505669538907836], [-0.05840023278750415, 0.9973495377575488, -0.0433971467399518], [-0.03101952071995076, 0.04163742157404649, 0.9986511475279892]], "fy": 2746.971648349967, "fx": 2746.971648349967}, {"id": 92, "img_name": "frame_000092.png", "width": 1920, "height": 1221, "position": [0.03646195727268608, -0.007320013113073489, -1.3749432355746296], "rotation": [[0.9985315559591232, 0.052768449146890474, 0.012256530034400788], [-0.052204598746142326, 0.9977319074387796, -0.04249377305357144], [-0.01447106159224028, 0.041791526093290614, 0.9990215496790784]], "fy": 2746.971648349967, "fx": 2746.971648349967}, {"id": 93, "img_name": "frame_000093.png", "width": 1920, "height": 1221, "position": [0.006295065847700516, -0.00031824606384217336, -1.4978630564397233], "rotation": [[0.999169323053968, 0.03818210595229464, 0.014240458311551924], [-0.03756809299310527, 0.9984466928068957, -0.041144137028670105], [-0.0157893083045679, 0.04057497268046319, 0.9990517350644275]], "fy": 2746.971648349967, "fx": 2746.971648349967}, {"id": 94, "img_name": "frame_000094.png", "width": 1920, "height": 1221, "position": [-0.006500498583935468, -0.0014219375928810124, -1.625309091913085], "rotation": [[0.9993971851759826, 0.030721511316150786, 0.016169570333630603], [-0.03005762280131625, 0.9987549594145777, -0.03981294207062718], [-0.017372552312668422, 0.039302923393011634, 0.999076310718509]], "fy": 2746.971648349967, "fx": 2746.971648349967}, {"id": 95, "img_name": "frame_000095.png", "width": 1920, "height": 1221, "position": [0.05109752748710476, -0.07874821175537092, -1.7409444454444114], "rotation": [[0.999074498655504, 0.042745245143062445, 0.004794804887871591], [-0.042585031923663356, 0.9986534109912717, -0.029629035953924555], [-0.006054848661513701, 0.029397427322095326, 0.9995494635457158]], "fy": 2746.971648349967, "fx": 2746.971648349967}, {"id": 96, "img_name": "frame_000096.png", "width": 1920, "height": 1221, "position": [0.16093750401266058, -0.022109452215832548, -1.8635936846623964], "rotation": [[0.998005726135686, 0.06034694818829332, -0.018515302988112457], [-0.06094065063079959, 0.9975831207256167, -0.03337895061314142], [0.016456235932830708, 0.034440718455037364, 0.9992712490666505]], "fy": 2746.971648349967, "fx": 2746.971648349967}, {"id